145
111
121
148
105
178
100
122
158
125
152
156
144
184
177
142
161
180
191
170
147
111
170
168
107
139
154
165
100
129
159
150
154
145
142
124
116
178
186
110
193
149
103
129
109
179
132
192
125
143
132
135
134
124
154
135
132
153
167
143
165
156
147
146
112
113
196
123
108
182
190
101
112
179
132
120
100
127
185
195
150
197
128
156
188
115
147
103
175
110
135
165
182
101
158
194
151
100
193
181
152
197
116
126
138
170
139
129
166
145
149
127
194
174
174
121
146
170
173
116
160
170
107
159
156
118
171
166
195
185
129
159
167
144
178
156
167
144
103
101
144
133
133
129
196
186
145
166
120
141
150
109
132
131
128
149
118
148
105
135
132
159
190
130
185
166
106
142
160
163
102
150
119
147
195
180
155
110
157
149
144
185
182
117
146
181
161
101
129
171
116
178
152
146
118
119
124
173
152
172
130
124
